plot	time	faba	weed	cereal	all
5	15	0.00408193300288098	0.00163938525008297	0.0491786817470361	0.0549
5	22	0.0332603530843193	0	0.205239646915681	0.2385
5	29	0.109671934822034	0.00422898844089468	0.456099076737072	0.57
5	36	0.133483756085152	0.00449967301926921	0.796216570895579	0.9342
5	43	0.153748496138974	0.0013947689380703	0.830656734922956	0.9858
5	49	0.210552131113422	0.00222033033132711	0.767527538555251	0.9803
5	56	0.354555882180213	0.00344874944682669	0.610495368372961	0.9685
7	15	0.00512680287697728	0.00089051785567291	0.0519826792673498	0.058
7	22	0.0424777011639676	0.0220838680234239	0.234438430812608	0.299
7	29	0.0639895329007798	0.00893571073076655	0.537974756368454	0.6109
7	43	0.0877247539641617	0.00349984040042121	0.890575405635417	0.9818
7	49	0.201445973307592	0.00173073627947993	0.790223290412927	0.9934
7	56	0.251240327877978	0.0022127588510354	0.705846913270986	0.9593
14	15	0.00457238040354708	0.00219235268835441	0.0131352669080985	0.0199
14	22	0.0389365971804479	0.0519953463833987	0.0778680564361534	0.1688
14	29	0.0534463619760989	0.0229884821504639	0.218265155873437	0.2947
14	36	0.106996328577574	0.0451589672872137	0.448744704135212	0.6009
14	43	0.124734105982633	0.0406762128879962	0.642289681129371	0.8077
14	49	0.169899565433826	0.127314210627811	0.631886223938362	0.9291
14	56	0.19930058228251	0.165151983224272	0.575247434493218	0.9397
17	15	0.00693878434749974	0.0026699753174332	0.0293912403350671	0.039
17	22	0.0532361552920763	0.0469860423293811	0.221577802378542	0.3218
17	29	0.0799990653531022	0.00606548820956819	0.53433544643733	0.6204
17	36	0.0961942111224707	0.00223171599526327	0.864974072882266	0.9634
17	43	0.0461732781177361	0	0.938526721882264	0.9847
22	15	0.00758367586611861	0.0035394010569583	0.0403769230769231	0.0515
22	22	0.0531117946029073	0.0534797044828924	0.0862085009142003	0.1928
22	29	0.0916514080829881	0.00840080760260382	0.338847784314408	0.4389
22	36	0.13675591521111	0.0309789673096232	0.772965117479267	0.9407
22	43	0.145100513087987	0.0172945434737817	0.781304943438231	0.9437
22	49	0.278155284286973	0.0642315039680625	0.639013211744965	0.9814
22	56	0.314439323063918	0.0455636469560151	0.589997029980067	0.95
26	15	0.0040809165786567	0.00163932366468589	0.0662797597566574	0.072
26	22	0.0358589207848837	0.0517999409520349	0.218541138263081	0.3062
26	29	0.0822135252106659	0.0150089782485491	0.582677496540785	0.6799
26	36	0.101284160005856	0.00601028517571271	0.304205554818431	0.4115
26	43	0.0878523943542979	0.00122899098651938	0.887318614659183	0.9764
34	15	0.00299197504761389	0.00773687230458844	0.0453711526477977	0.0561
34	22	0.0440704654762889	0.0892862824164007	0.25004325210731	0.3834
34	29	0.105294351452031	0.0571580208128305	0.500347627735138	0.6628
34	43	0.151236015421082	0.034844313475923	0.785519671102995	0.9716
34	49	0.295579555140969	0.0379061210558388	0.650714323803193	0.9842
34	56	0.288014187664102	0.0288178134105693	0.646367998925328	0.9632
36	15	0.00567267704280526	0.00335552703238334	0.0412717959248114	0.0503
36	22	0.0295357776446909	0.113227681987299	0.21793654036801	0.3607
36	29	0.10537436673268	0.0284402043808691	0.456585428886451	0.5904
36	36	0.171203922526434	0.0180329805031814	0.563963096970385	0.7532
36	43	0.178669741817928	0.00707461220886103	0.787955645973211	0.9737
36	56	0.417495304327676	0.074822791181077	0.470081904491247	0.9624
40	15	0.00539466151424073	0.00601617289251467	0.0579891655932446	0.0694
40	22	0.0443645019062903	0.0414853983327258	0.204250099760984	0.2901
40	43	0.170851829903604	0.00380911275182885	0.791839057344568	0.9665
40	49	0.177496299515203	0.0822977634134087	0.725205937071389	0.985
40	56	0.343389530852051	0.00563580335660798	0.605374665791341	0.9544
48	15	0.00967975065763191	0.00087430005939901	0.0402459492829691	0.0508
48	22	0.0550737719028032	0.0151229003207277	0.168203327776469	0.2384
48	29	0.0534110322320034	0.00717986269513182	0.515409105072865	0.576
48	36	0.0897565141905042	0.0056502874550604	0.811893198354435	0.9073
48	43	0.100089593645557	0.00758251000008425	0.855827896354359	0.9635
48	49	0.2275324776587	0.0147746728377873	0.738692849503512	0.981
48	56	0.392609484340203	0	0.565690515659797	0.9583
49	15	0.00853550720697653	0	0.0190644927930235	0.0276
49	22	0.0520610451762805	0.0134327482924849	0.0884062065312346	0.1539
49	29	0.0658670697894686	0.00418379880252931	0.290149131408002	0.3602
49	36	0.115493794895054	0.0145381156245851	0.56856808948036	0.6986
49	43	0.169353066429298	0.00422039158400939	0.724126541986692	0.8977
49	49	0.224310505277558	0.0193565039601163	0.713132990762326	0.9568
49	56	0.347117527521371	0.0389901120146138	0.520092360464015	0.9062
51	15	0.00836064282005569	0.00182207863537461	0.0306172785445697	0.0408
51	22	0.0393340285062898	0.0090176423380124	0.199948329155698	0.2483
51	29	0.0813456192828157	0.00589229782344606	0.660962082893738	0.7482
51	36	0.0966147905931791	0.00631165210589267	0.865773557300928	0.9687
51	43	0.0558232168206036	0	0.924576783179397	0.9804
60	15	0.00452692867540029	0.00031557496360989	0.0640574963609898	0.0689
60	22	0.044245114063152	0.0116162256297999	0.265338660307048	0.3212
60	29	0.0488903320435935	0.00678346432218003	0.736626203634226	0.7923
60	36	0.0629608414477413	0.00579823811176804	0.672840920440491	0.7416
60	43	0.0684933599169844	0.00258397752049156	0.909522662562524	0.9806
62	15	0.00999027803347734	0.00074529693525041	0.0409644250312722	0.0517
62	22	0.0685094283396052	0.00992400806605773	0.160866563594337	0.2393
62	29	0.0888055367817374	0.00618665008113101	0.531007813137132	0.626
62	36	0.143678307568789	0.00607975966660257	0.743641932764609	0.8934
62	43	0.177739132073724	0.00352224485876715	0.793238623067509	0.9745
62	49	0.352808149803545	0.0067378118903207	0.618454038306134	0.978
62	56	0.424535255696451	0.00056864579157572	0.552396098511973	0.9775
69	15	0.0116518369273195	0.00211457094356816	0.0364335921291124	0.0502
69	22	0.0426022586188692	0.00760613615428586	0.164291605226845	0.2145
69	43	0.172986294054334	0.00130721248207271	0.784606493463594	0.9589
69	49	0.176488809598351	0	0.807811190401649	0.9843
69	56	0.326883602316613	0.0027436012446295	0.636872796438757	0.9665
76	15	0.00676432019676836	0.00336934844471765	0.016966331358514	0.0271
76	22	0.0439971183532828	0.00867697850361943	0.106725903143098	0.1594
76	29	0.081685716997178	0.0122006676175172	0.241513615385305	0.3354
76	36	0.130395369022957	0.0412628366660654	0.679841794310978	0.8515
76	43	0.180004044714925	0.0362617485894982	0.625334206695577	0.8416
76	49	0.279413551147696	0.115344875258367	0.573841573593937	0.9686
76	56	0.244877150461426	0.0490928381987601	0.674730011339814	0.9687
